rhats:  1.00233912224306
rhats:  1.00060845991782
rhats:  1.00061417449683
rhats:  1.00110347551735
