rhats:  1.00161767163707
rhats:  1.00111539975085
rhats:  1.00077605146457
rhats:  1.00206646670476
