rhats:  1.00063257442474
rhats:  1.00009993654242
rhats:  1.0005056726817
rhats:  1.00008878561918
