rhats:  1.00026152685475
rhats:  1.00124473574809
rhats:  1.00004212142384
rhats:  0.999995424282131
